sample_uid	sample_name	fastq_fwd_file_name	fastq_fwd_sha256_file_hash	fastq_rev_file_name	fastq_rev_sha256_file_hash	data_set_uid	data_set_name	raw_contigs	post_qc_absolute_seqs	post_qc_unique_seqs	post_taxa_id_absolute_symbiodiniaceae_seqs	post_taxa_id_unique_symbiodiniaceae_seqs	size_screening_violation_absolute	size_screening_violation_unique	post_taxa_id_absolute_non_symbiodiniaceae_seqs	post_taxa_id_unique_non_symbiodiniaceae_seqs	post_med_absolute	post_med_unique	noName Clade A	noName Clade B	noName Clade C	noName Clade D	noName Clade E	noName Clade F	noName Clade G	noName Clade H	noName Clade I	sample_type	host_phylum	host_class	host_order	host_family	host_genus	host_species	collection_latitude	collection_longitude	collection_date	collection_depth	C1d	C42.2	C1	7850_C	C1k	C1ag	C1ah	C42bh	C1b	7998_C	C42ax	6388_C	10835_C	C1bi	5680_C	10937_C	13445_C	C42ay	7672_C	C3cw	C3cg	C42bg	7864_C	5682_C	8065_C
194	Pverr_111	HP838_S65_L001_R1_001.fastq.gz	b18b9a1ce3f4d858232994d115d5c3882cf1bc23490e35bdced3c66aba601fc3	HP838_S65_L001_R2_001.fastq.gz	71e021109bd73937b2b158e290fa8f027cc0be1b992f402bbfdcc06e0ba603dc	6	Pverr_larvae_ITS2	3.596546250048399	1.0499090099508266	0.020056529987997056	1.0499090099508266	0.020056529987997056	0.0	0.0	0.0	0.0	1.0	0.0007356642273589654	0	0	0.08603399543113796	0	0	0	0	0	0	coral_field	cnidaria	hexacorallia	scleractinia	pocilloporidae	pocillopora	verrucosa	-17.47622440	-149.80768729	20231213	1	0.5619313121926666	0.19196964417082898	0.050954427537073604	0.03240794517365548	0.028458589847833664	0.017965694815503155	0.01235141518565842	0.010570333372052503	0.009486196615944555	0.009253881596778564	0.010492895032330507	0.011731908467882449	0.009950826654276532	0.00766639563247764	0.006427382196925698	0.010299299183025516	0.00596275215859372	0.0063886630270647	0	0	0.00573043713942773	0	0	0	0
193	Pverr_110	HP833_S5_L001_R1_001.fastq.gz	4765b62bcdba840e4011f344bedf52e4417c10018d647c8d54121d2519a38db3	HP833_S5_L001_R2_001.fastq.gz	7ce6a4473250da7e83c0cd84bde89139f577d8c72dd6cff00112c3bca440f796	6	Pverr_larvae_ITS2	4.57082522462838	1.04782410666225	0.02016479648875823	1.04782410666225	0.02016479648875823	0.0	0.0	0.0	0.0	1.0	0.0008281230590865803	0	0	0.08256386899093206	0	0	0	0	0	0	coral_field	cnidaria	hexacorallia	scleractinia	pocilloporidae	pocillopora	verrucosa	-17.47622440	-149.80768729	20231213	1	0.5446565359612439	0.20301436793507516	0.051716285039956934	0.032462423916193944	0.026996811726222515	0.01635543041695996	0.013788248933791561	0.012546064345161692	0.01006169516790195	0.009978882861993292	0.009978882861993292	0.008612479814500435	0.009109353649952382	0.009771852097221647	0.006873421390418616	0.008157012132002815	0.007370295225870564	0.006583578319738313	0	0.0057554552606517324	0.006210922943149352	0	0	0	0
185	Pverr_006	HP852_S43_L001_R1_001.fastq.gz	dbf7ed83d96ac111fb67f5105dfcbc2481ac996a2b2e7677d6a836d6a3e6004a	HP852_S43_L001_R2_001.fastq.gz	c447b19003ec91a2ef2590b8de4f596966afe40cad830f10915d225f4ba5b82c	6	Pverr_larvae_ITS2	2.371008585016367	1.0505836575875487	0.022111049348403435	1.0505836575875487	0.022111049348403435	0.0	0.0	0.0	0.0	1.0	0.0011734914458649867	0	0	0.09264406151565686	0	0	0	0	0	0	coral_field	cnidaria	hexacorallia	scleractinia	pocilloporidae	pocillopora	verrucosa	-17.47622440	-149.80768729	20231212	1	0.5427089123587178	0.20641096905688344	0.046877895126922364	0.029831387808041506	0.030201964054104132	0.018652337718485578	0.01340250756593169	0.011796677166326971	0.012290778827743808	0.01148786362794145	0.009758507812982521	0.010623185720461985	0.009511456982274102	0.008214440121054907	0.009326168859242789	0.009140880736211476	0.006670372429127293	0.0070409486751899205	0.0060527453523562475	0	0	0	0	0	0
189	Pverr_106	HP837_S53_L001_R1_001.fastq.gz	b0939c5d1445c6009fedf8c65c8875c20566cb0dae57b6440c8a4de5b7b36eec	HP837_S53_L001_R2_001.fastq.gz	317c5814ebafd695e5f614a4bdc331dc35bdf4c9cdcdb67484cd9a41f08d7e76	6	Pverr_larvae_ITS2	2.705663414143446	1.0643463098950474	0.021929383361834826	1.0643463098950474	0.021929383361834826	0.0	0.0	0.0	0.0	1.0	0.0006706233443986185	0	0	0.09190892934983066	0	0	0	0	0	0	coral_field	cnidaria	hexacorallia	scleractinia	pocilloporidae	pocillopora	verrucosa	-17.47622440	-149.80768729	20231213	1	0.549072863226369	0.19448076987559937	0.04982731448881736	0.03148576601951514	0.029507427153539215	0.016363209603326292	0.013445998055192301	0.011467659189216377	0.011534721523656238	0.011400596854776514	0.010797035844817757	0.00979110082821983	0.009254602152700936	0.008416322972202663	0.007846293129463836	0.008114542467223283	0.006907420447305771	0.006773295778426047	0.007108607450625356	0.006404452939006807	0	0	0	0	0
192	Pverr_109	HP861_S56_L001_R1_001.fastq.gz	b67fd581a4f3eb3d28de58bc9bbbd2e6e4ced80cfd57fa1b0f0f5974c717c2dc	HP861_S56_L001_R2_001.fastq.gz	b31c8aab9ed44161f1c2b33691a803b98a8ffcf82a12e60aa5a9b412c46e0669	6	Pverr_larvae_ITS2	2.5468350697857285	1.0614310988794968	0.02196776095930804	1.0614310988794968	0.02196776095930804	0.0	0.0	0.0	0.0	1.0	0.0009337527029683507	0	0	0.09534106546097897	0	0	0	0	0	0	coral_field	cnidaria	hexacorallia	scleractinia	pocilloporidae	pocillopora	verrucosa	-17.47622440	-149.80768729	20231213	1	0.5498820522901514	0.19304108511893062	0.04811283664242186	0.03341851779044624	0.028946333792018872	0.01724985256536269	0.015972085708669155	0.014055435423628857	0.01100845291920582	0.01100845291920582	0.010959308040102221	0.009927265578926675	0.010074700216237468	0.009190092392372715	0.00850206408492235	0.00968154118340869	0.006683703558089247	0.00624139964615687	0.006044820129742481	0	0	0	0	0	0
187	Pverr_008	HP828_S40_L001_R1_001.fastq.gz	31314f509d2b982623ee820d9f326cfd945efb7ff1cd6adff032d19ca4474600	HP828_S40_L001_R2_001.fastq.gz	9b8e2055dd68472d27daff2107332a18f72f9319c231b80a662e350821da630f	6	Pverr_larvae_ITS2	2.5621152382928685	1.0575153904682852	0.02171958220931037	1.0575153904682852	0.02171958220931037	0.0	0.0	0.0	0.0	1.0	0.0006917064397869544	0	0	0.09445251435290863	0	0	0	0	0	0	coral_field	cnidaria	hexacorallia	scleractinia	pocilloporidae	pocillopora	verrucosa	-17.47622440	-149.80768729	20231212	1	0.543162481842706	0.20156325655391852	0.0462405754997579	0.03078093657051947	0.029397523690945563	0.017984367434460816	0.012070277374282354	0.00958013419104932	0.012865739780037352	0.011897350764335617	0.009683890157017361	0.008853842429273017	0.010271840630836273	0.00954554886905997	0.009753060800996057	0.0077471121256138895	0.007712526803624542	0.007089991007816283	0.00743584422770976	0.0063636992460399805	0	0	0	0	0
186	Pverr_007	HP858_S20_L001_R1_001.fastq.gz	481dfc6bee09664f0851e8ade5df3fd7be46b2048a80ed8255e176e011b30e50	HP858_S20_L001_R2_001.fastq.gz	2f00970904fb3b9a94c81e967022ae524e065230e0b6cb8dec3353c165daed84	6	Pverr_larvae_ITS2	2.357341993198738	1.0491406513280843	0.020587604546429338	1.0491406513280843	0.020587604546429338	0.0	0.0	0.0	0.0	1.0	0.0006433626420759168	0	0	0.09016267883949636	0	0	0	0	0	0	coral_field	cnidaria	hexacorallia	scleractinia	pocilloporidae	pocillopora	verrucosa	-17.47622440	-149.80768729	20231212	1	0.5263012775343893	0.2069483165344199	0.05471646089274226	0.029778499433228148	0.02916577310744156	0.017830336080389694	0.014276523390827488	0.009895530161453387	0.011580527557366502	0.009435985417113447	0.010569529119818634	0.008547532244722895	0.008700713826169541	0.007536533807175025	0.010018075426610705	0.007750988021200331	0.00833307803069759	0.006770625899941791	0.007597806439753684	0.007628442756043014	0.006617444318495144	0	0	0	0
196	Pverr_113	HP859_S32_L001_R1_001.fastq.gz	a3aa9b5c3da483f8b36896db4af74afdf96a10cff3b6007977f56c80405abb04	HP859_S32_L001_R2_001.fastq.gz	942359529c8f5f105f41ed72bd10f48b73bf071b9bd95b37d2ea40c239a8c7f6	6	Pverr_larvae_ITS2	2.6901700018819397	1.0488049683206826	0.02245781318612383	1.0488049683206826	0.02245781318612383	0.0	0.0	0.0	0.0	1.0	0.001254626434978985	0	0	0.09453610187566652	0	0	0	0	0	0	coral_field	cnidaria	hexacorallia	scleractinia	pocilloporidae	pocillopora	verrucosa	-17.47622440	-149.80768729	20231213	1	0.534031742048805	0.20362587039708926	0.04761307320745248	0.03236936202245781	0.028229094787027162	0.01925851577692742	0.0126089956715388	0.00997428015808293	0.01342450285427514	0.009786086192836083	0.01160529452355561	0.010413399410325576	0.009409698262342387	0.01009974280158083	0.008845116366601844	0.007778683896869707	0.00922150429709554	0.00752775860987391	0.00671225142713757	0.0074650272881249605	0	0	0	0	0
195	Pverr_112	HP841_S6_L001_R1_001.fastq.gz	6c0c2cc38c3f2263f033cd0e466189116f9d8e6d73069613efa2b6e90999bb91	HP841_S6_L001_R2_001.fastq.gz	4178286e25ce678abbe574be3232d6a6a7c4c4fab6af56e6db85b388f4db542d	6	Pverr_larvae_ITS2	3.0987468239955214	1.0528401016321434	0.02105852461134318	1.0528401016321434	0.02105852461134318	0.0	0.0	0.0	0.0	1.0	0.0008612893501571853	0	0	0.08518151673054564	0	0	0	0	0	0	coral_field	cnidaria	hexacorallia	scleractinia	pocilloporidae	pocillopora	verrucosa	-17.47622440	-149.80768729	20231213	1	0.5447655139744197	0.19107704233237155	0.04745704319366091	0.03333189785108307	0.02769045260755351	0.02161836268894535	0.017182722535635846	0.013220791524912795	0.01231643770724775	0.01055079453942552	0.01059385900693338	0.009689505189268335	0.009086602644158306	0.008871280306619008	0.00874208690409543	0.007536281813875371	0.006244347788639594	0.006718056931226045	0	0.0066749924637181865	0.006631927996210327	0	0	0	0
188	Pverr_009	HP851_S31_L001_R1_001.fastq.gz	e8953b7e6294f5ff3c41639f32a3c1d5d0518469e250c5dae3d2fa0493d27a21	HP851_S31_L001_R2_001.fastq.gz	64b5ec8e207a60e46c1f8ba024696b7bddbaaf03b6c76ef3697f427cb77f4ea1	6	Pverr_larvae_ITS2	2.673155434589669	1.046801964380806	0.020353825217442754	1.046801964380806	0.020353825217442754	0.0	0.0	0.0	0.0	1.0	0.001301698124371339	0	0	0.10253831134252411	0	0	0	0	0	0	coral_field	cnidaria	hexacorallia	scleractinia	pocilloporidae	pocillopora	verrucosa	-17.47622440	-149.80768729	20231212	1	0.5452340098219041	0.18892373232353116	0.0456186024495592	0.03218744452990947	0.0311815868883498	0.018933790899946748	0.01254363647121472	0.007691852553103367	0.010472753091533045	0.013667830305899058	0.009348559256848707	0.009999408319034377	0.008875214484350039	0.008461037808413703	0.009111886870599373	0.009762735932785042	0.0077510206496657005	0.007455180166854032	0.006626826814981362	0.0059759777527956925	0.005620969173421691	0	0	0	0.004555943435299687
190	Pverr_107	HP823_S75_L001_R1_001.fastq.gz	75c354fab723a4a9ead7eaa5f186f2afc83f23e723acfa7915b3b3dae863f4ee	HP823_S75_L001_R2_001.fastq.gz	c66cadd54dc020a23cce6c8e38055e80230859f82c1ecbd05d5cbdab0fdc4a08	6	Pverr_larvae_ITS2	2.900445145135862	1.0705972363906149	0.021770379300751184	1.0705972363906149	0.021770379300751184	0.0	0.0	0.0	0.0	1.0	0.0005564314198275062	0	0	0.10715941760178058	0	0	0	0	0	0	coral_field	cnidaria	hexacorallia	scleractinia	pocilloporidae	pocillopora	verrucosa	-17.47622440	-149.80768729	20231213	1	0.5190114068441065	0.1996661411481035	0.049174626727255866	0.032551238059909116	0.0287025874061022	0.02033293146619679	0.012774738013539831	0.010804043401650747	0.008439209867383845	0.010618566261708245	0.010618566261708245	0.010711304831679496	0.00957525734953167	0.008833348789761662	0.009297041639617917	0.008578317722340722	0.008300102012426968	0.006769915607901326	0.007743670592599462	0.006932208105351016	0.005309283130854122	0.005471575628303812	0.0048224056385050545	0.004961513493461931	0
191	Pverr_108	HP824_S87_L001_R1_001.fastq.gz	d596e1242bf4c0c77d952f6467bacd487ba199fabc88e97465550879d6fdaa19	HP824_S87_L001_R2_001.fastq.gz	37d7a5420533cb322af6761cf05ba01590c577964b074c2f4969e651aee3716b	6	Pverr_larvae_ITS2	2.606624010069754	1.0562490166255836	0.019746158283946085	1.0562490166255836	0.019746158283946085	0.0	0.0	0.0	0.0	1.0	0.0006293596265799549	0	0	0.10484082446111082	0	0	0	0	0	0	coral_field	cnidaria	hexacorallia	scleractinia	pocilloporidae	pocillopora	verrucosa	-17.47622440	-149.80768729	20231213	1	0.5231551895945875	0.19179734620024125	0.05079456652855719	0.03149420464677191	0.0279278334294855	0.019641265012849424	0.01730738973094876	0.011485813185084176	0.008601248229926051	0.010620443698536739	0.010856453558504222	0.011040016782923375	0.009597734305344312	0.009047044632086852	0.008732364818796873	0.008260345098861909	0.008260345098861909	0.0068442859390570095	0.006398489536896208	0.006896732574605339	0.005375780143703782	0.005428226779252111	0.005821576545864583	0.0046153039282530025	0
seq_accession																																							1335	1332	380	7850	477	1340	1339	480	442	7998	3173	6388	10835	487	5680	10937	13445	3229	7672	2178	476	479	7864	5682	8065
