sample_uid	C1d	C42.2	C1	7850_C	C1k	C1ag	C1ah	C42bh	C1b	7998_C	C42ax	6388_C	10835_C	C1bi	5680_C	10937_C	13445_C	C42ay	7672_C	C3cw	C3cg	C42bg	7864_C	5682_C	8065_C
194	14513	4958	1316	837	735	464	319	273	245	239	271	303	257	198	166	266	154	165	0	0	148	0	0	0	0
193	13154	4903	1249	784	652	395	333	303	243	241	241	208	220	236	166	197	178	159	0	139	150	0	0	0	0
185	8787	3342	759	483	489	302	217	191	199	186	158	172	154	133	151	148	108	114	98	0	0	0	0	0	0
189	16375	5800	1486	939	880	488	401	342	344	340	322	292	276	251	234	242	206	202	212	191	0	0	0	0	0
192	11189	3928	979	680	589	351	325	286	224	224	223	202	205	187	173	197	136	127	123	0	0	0	0	0	0
187	15705	5828	1337	890	850	520	349	277	372	344	280	256	297	276	282	224	223	205	215	184	0	0	0	0	0
186	17179	6755	1786	972	952	582	466	323	378	308	345	279	284	246	327	253	272	221	248	249	216	0	0	0	0
196	8513	3246	759	516	450	307	201	159	214	156	185	166	150	161	141	124	147	120	107	119	0	0	0	0	0
195	12650	4437	1102	774	643	502	399	307	286	245	246	225	211	206	203	175	145	156	0	155	154	0	0	0	0
188	9215	3193	771	544	527	320	212	130	177	231	158	169	150	143	154	165	131	126	112	101	95	0	0	0	77
190	22386	8612	2121	1404	1238	877	551	466	364	458	458	462	413	381	401	370	358	292	334	299	229	236	208	214	0
191	19950	7314	1937	1201	1065	749	660	438	328	405	414	421	366	345	333	315	315	261	244	263	205	207	222	176	0
